268 110.8
847.4 534.2
1202.8  
1559  1710
1438  841.2
283 119.2
2362.4  2158.8
1125.2  397.8
2392.8  2197.4
  
295.4 178.4
577.8 456.4
1268.2  507.8
10904.2 9511.6
1419.6  782.6
1545  1942.6
  
215.2 131.4
215.8 240.8
1909.6  1338
703.8 515.4
8904.6  3719.8
652.2 553.8
241.2 253.2
267 124.8
213.8 123
1269.2  1955.8
  6073.6
  
2417.2  2648.8
1116.2  1141.8
249.4 151
474.6 487.8
1721.4  1438.8
540.6 1330.6
343.2 279.4
1643.6  1373
333.8 261.4
  12021.8
276.4 1114.4
1687.8  859.4
  
1215.4  1913.2
2543.4  
  876.6
596 252.6
300.2 114.6
1993.4  
640 380.2
1645.4  1134
2085  2987.2
  
  
  
1139.8  757.4
921 875.4
1177.8  1199.4
248.6 131
311.8 220.6
241.8 160.6
1252  945.4
2554.2  
1598.8  2079.8
231.2 41.2
7683.6  6032.2
430.2 273
3626.2  4543.8
  
  
228.8 174.2
8441.4  4000
1871.4  1181.8
1791.4  2070.2
  
4625  5694
315 299
246.8 129
1225.4  
727.6 630.6
209 172.6
1515.2  1516.8
316.4 128.8
  598.6
57.2  37.6
  3162.2
2741  1772.2
2174.4  
  2569.6
2362.6  1573.6
  
  6374.2
1077.2  926.2
408.8 364.8
237.6 120
2928.4  3618.4
3525.2  3786.2
2663.4  1462.2
2600.6  2232.4
  
  
3105.2  2047
2910  1805.2
  
  1507
241.6 1284.8
4096.4  3387
  
2848.6  1776.6
  
2253.8  1918.6
1698.6  2860.8
  
  
1409.6  1429
1478.2  
  
  4889.2
  
2014.2  2048
689.2 514.8
2420.8  3728.6
5100.4  2008.2
547.4 215.8
1718.8  2253.4
1702.4  1110.4
3023.4  
922 889
3470  1759.2
  
373.8 211.4
453.6 208.4
  9669
1661.4  1412.2
2412.4  460.4
2187.2  1381.6
2410.2  2797
1073  881
2207.2  1779.4
  
  
283.8 121.6
4174.6  
  744.6
1688.8  2271.2
  
2593.2  3177.6
3983  4569.6
3623.8  
  
  
4056.4  1324.8
  
855 503
248.2 177.8
  1221
4676.2  5385.2
887 665.6
538.6 
1589.6  2523.8
  
  
139.8 250.2
1549.6  1955.8
3065.6  6211.4
  
  
1002.8  988
997.6 1870.6
  
9446.4  
416.8 355.6
1415  681
  
  
  
171.4 201.4
316.4 336.6
  
698.2 545.6
1764  1596
281.6 267.8
  
  2496.2
3952  2956.6
1946  1286.6
1893  1450.4
131.8 104.6
2361.4  805.4
245.4 145
  
769.4 1484
  
2908.8  3943.4
369.4 278.6
261.4 146
3983.8  
  438.2
  
  2932.4
448.8 257.6
373.8 326.4
1662.8  1429
3525.2  
227.2 124
1729.6  1187.8
4954.2  3788.8
  
1932.2  1907
  2818.8
213.4 140.8
438.4 316.2
250.8 128.8
1064.8  
  
  
200 175.4
  1846.4
2114.6  2616
  4165.6
  
699 334
  1034.2
  
4952.6  4287.4
375 244.4
1177  1526.2
2777.4  
332.6 238
839.6 345.6
1637.4  795.6
1182  990.4
1336.8  1116.8
1214.4  2453.8
  
170.2 73.4
1244.6  945.4
303.8 125.2
4206.2  3827.8
  727.2
1864.8  
  
743.4 500.4
286.8 205.6
1048.2  1481.6
1557.6  732.4
  
591.2 544
2189.4  1565.8
2819  3138.4
1044.4  717.8
332.8 166
  
1121.8  1261
310.2 190.8
  4545.4
1156.6  1107.6
1192.4  1225.6
624.6 395.8
1682.8  1128
10719.8 8419.4
5913.8  
  
2649.2  1827.8
2005.8  1428.6
1781.8  3038.2
  
  
1818.8  1178.2
320.2 154.6
2978.6  
  1199.8
318.4 211.2
3713.4  1905.8
  
2391.4  1943.6
  916.4
  5092.6
  2749.4
  
1731.6  1926
  
8861  7796.4
  
2423.6  4736.8
  
1862.6  1118
  
3141.8  1462.4
281.8 296.8
2788.2  2918.8
2556.4  1261
  4966.6
368 190.6
6060.6  
  
  
86.8  78.2
1754  781.4
6654.8  3485.6
  
8831.2  6069.4
3828.8  2498.2
1547  971.6
1094  407.8
1074.4  688.6
3911  4790.8
354.6 1317.2
656.6 610.6
306.2 216.6
  1521.4
  
872.6 581
1444.8  1154.8
  
  
  
707 1395.4
  
  
  
1900.4  1560.8
820.2 549.6
  921.4
560.8 251.6
1586  952.4
2872.2  2273.8
1382  2124
  
1080  843.8
1898.2  2318
  
4205.8  4159
1593.8  1481.8
810.8 518
  
  
2073.4  3142.8
780 474.2
259 166
  
  1093.8
  3319.4
309.4 286.8
1648.6  907.8
4977.6  2096
  2998.4
6294.2  
5255.2  
1497.6  1341
  
5010.2  2204.2
1713.2  1149.6
5249.4  
387.8 186.6
  270.8
  
1514  1024
  
  
2719.2  1204
  
4136.4  2364
3299.4  
67.6  54
4781.2  2677.2
  
  
4574.6  
276.8 238
  
1457.6  1057.8
3962.4  2970.8
2634.2  
1959  1532.2
  
790 393.6
  
10400.8 
538.2 210
251.2 193
  
254 194.4
  762.8
767.8 560.8
3679.6  
890 998.4
278.8 136.8
  
598.8 347
  
2181.4  1305
1286.4  271.6
  
  1884.8
  1083.8
  
2804.6  
  1656.4
3763.8  2176.4
1830.2  1475.2
  
3547.4  1585
4026.2  2076.2
  
2163.4  1979.2
208 87.2
2477.6  1571.4
2742.4  2352.8
  
3133.2  1979.6
438.2 276.2
347.8 218.6
1496.6  1156.4
6387.4  3603.6
2730  1531
3081.4  1961
  
639.2 521.4
  1809.2
358.2 262
  
2175.6  2576.2
2084.6  1243.8
1463.6  
  
  
282.6 200.8
  1537.6
1648.6  1258
859.8 837.2
4474.2  
1772  1290
2816  1620.8
4066.8  
  
559.6 188.4
2985.2  4121.6
2025.2  
1159.4  1030.4
  1652.2
1304.6  
  
8121.6  2974.4
  
  
4473  2625.2
1488.6  834.6
1460.4  932.6
  
  2969.8
2212.8  2864.8
1884  820.4
  
773.8 1466.8
  1203
2757  2097.6
284.6 93.8
272 36
1759.6  
  
988.4 217.6
  
  
1518.2  1886.2
  
  
319.4 124.4
1868.2  2327.8
1690.4  706
  
1514.8  
1353  923
882.8 260.2
898.8 488.4
  
327.2 219
5299.6  
2071.8  
390.2 203
2675.4  2698
  
2076  1224
15817.6 
3349.8  3455.8
3512  3587.4
  
1505  960.6
  
303.2 170.4
426.4 266.4
3566.8  
3264.6  3186.4
5363.4  3872.8
4015.6  
1735.6  
3888.6  
2181.4  1260.4
545.8 796.2
  
1793.8  1990.4
  
462.2 449.8
3702.2  3219.8
  3934.4
2816.2  
  
  
3190.4  3285.8
448.2 132.4
2415.4  999.2
2787.6  2205.8
2082.2  
  
  
756.4 774.6
881 726.2
2426.6  1994.4
  1274.4
624.2 543.6
1472.8  2458.2
  5963.6
  
865.2 749.4
  2691.2
357.8 225.6
2174.4  4280.2
  
663.4 328.4
2056.2  2095
1143.8  1010
3177.4  
2358.6  1507.4
484.2 452.4
  2433.8
2509  1902.6
606 311.4
1077.6  834.6
802.2 604
  
4405.6  4919.8
4106.4  
1160.8  603.4
  968.2
3864.4  
  
1552.4  989
1052  1398.8
  
2890.6  2112.4
3968  
1452.2  
2653.2  
  
878.2 712.8
  
550.6 540.4
1058.8  893.4
  
5351.8  4518.6
2214.2  2081.2
2141  1440.4
  556.6
  
  
2007.6  1606.2
  
2548.8  1449.4
  
2949.8  680.2
  
976.4 671.6
7116.4  5388.6
8804.8  3419.6
1179.2  1278
  
  
  
  
  
  
  1778.2
726.4 843.4
1809.6  
  
836.4 584.6
436 373.8
  3974.4
1718.4  2741.8
746.8 615.2
1704.6  710.6
1945  2400
  
  
  442.8
  
  
  
836.4 1636
  
  4141.8
  
5027.6  
  
1810.8  1988
15906 15037.4
  
746.8 317
  
  
5621.2  
3974.6  4347.6
  1012.4
  
774.8 1400.2
1273.4  882.2
  1871.4
2211.6  1066.4
2886  1479.8
1147  559.6
  
3120  1738.6
3738  
  
11203.2 9014.6
1326.8  1007.2
  1672.8
1992.6  
6871  4137.6
1605.2  910.6
1818.2  980.2
591.4 
9773.8  5392.4
2152.4  
539 398.8
  5046.8
  
1452.4  828.4
  
3628  2266.6
  
  
849.8 
1918  1134.4
  940.8
1760.8  2360.8
222.6 165
491 307.6
2207.6  1043.2
72  54.4
274.8 223.4
  
2491.4  
6779.6  3875.8
1272.4  872.8
2018.6  689.2
6697  4588.8
1935.2  
  3761.2
  5381.8
3985.6  6337.4
282.2 200.4
  
90.8  68.4
  1642.4
1546.8  839.8
  
3505.2  3031.8
6251.8  
2150.2  1929
  2192.2
975.2 668.4
1865.4  3591.2
3636.6  2254.6
255.6 111.8
462.8 299.8
3091.4  
3142.2  1313.4
1491.6  1145.4
1868.4  875.6
1098.4  927.6
2535.6  1703.6
  
524.4 427.6
3374  3775
1580.6  1354.8
1186.4  
  
1160  574.6
6312.8  7250.4
  
788.2 329.8
  2984.6
1493  1308.2
6601.8  
  1529.8
  
  
210.4 120.6
  
1378.4  996.6
2945  1552
  
3294.6  1823.8
  
  
2116  953
  
8862  6538.6
251.4 176
822.4 472.2
1901.8  1295.8
  
  
832 2463.6
703.2 643.6
2021.6  1333.6
4077.8  1598.2
1303.2  1349.2
3516.4  3597.6
2615.6  1219.2
  
159.6 74.2
541.6 303.2
974.2 
  
4281.6  2720.2
904.4 590
704.6 550.2
  
  
  
3120.8  1433.8
4202  550.8
  
658 258.6
2522  
4763.8  4464.2
  1285.8
  
665.8 500.8
3686.8  1963.4
1403.6  1257.2
2985.4  1823.6
3242.8  
2028.2  1313.6
  1552.8
  
  
2571.8  1226
2325.4  
  
6180.2  4492.4
1658  866.6
853.8 680
  
1028.8  
10153.4 6424.2
947.4 236
  
2745  2643.8
  
554.6 206.8
6215  4830.4
6962.8  5876.2
  574
1146.2  969.8
2000.2  1173.6
  3829.2
1363.6  1318.6
  
3180.4  1653.8
1217.8  871.8
6194.6  5572.6
4083.2  
267.6 308.2
  703.2
1052.8  1030.6
  
97.2  94.2
2735.2  
2749.2  1660.4
3321.8  
925.8 456.6
  
5466  775
7128.8  6510
2049.6  607.8
  3731.4
  4241.2
  
  
9383.4  
2875.2  1353.4
2178.4  886
1516.4  1405.4
3678.6  2302.6
  
2682.4  1972.2
1508.6  174.2
7132.4  3728.8
  
  
6814.8  2581
2409.6  4923.6
1926.2  597.4
  
4502.8  
605.2 478
  
6227  1721.4
3583.4  1939.8
4732.8  2105.2
  
  
  3341.2
4831.6  2533.4
199.4 199.8
2150.4  2225.6
3331.6  
  
  
  15792
269 172.2
2389  1087
995.4 506.6
4530.8  3132
  2412.4
1168.2  861.8
  
331 413.8
1743.2  
1270.2  603
  2623.8
737.8 593.4
  
  
  
2287.8  
  1190
  
  
4197.4  1866.4
  
4364.2  3384.4
668.8 372
1584.8  446
5279  3760.2
1639.2  420
  991.2
  
6915.4  2438.4
2756.2  834.8
2822.4  2191.2
841.8 419
  
9877  5303
1787.4  1029.4
  
345.8 312.2
1614  952.8
1993  1066.4
5481.8  3804.6
3763  
4726.2  2548.4
553.8 134.8
  
3181.4  1000.8
4959.6  2892
7724.2  5150.6
486.2 387.8
17751 5296.6
500.2 417.6
  
2472.6  1262.8
2924.2  
225.2 225.6
1197.8  366
1859.8  
  548.8
255.2 335
  1895.6
1618.2  476
1974.6  970.4
2988.8  1626.2
1996.4  862.4
  1346.4
2607.4  1728.4
  
328.4 309
3031.6  
  
11808.2 9127.4
  1301.8
1242.8  1039.8
2640.2  2051.6
  
  870.2
  1738.2
  
  
4371  2571.2
  2191.4
  
1105  
  
3680.6  1484.4
  
  
1040  824.4
1587.4  719.2
819.8 475.2
1838.8  1479.8
2634.2  1284.8
  1215.4
3469.6  1704.8
97.8  128.6
  4119.2
  
3551.6  
  
2181.6  967.4
  1781
4216.8  2921.2
694.4 439
2888.8  
  
2564.2  2673
4613  3148.8
5033.8  2862.2
1780.2  1440.8
  
  
  1964.2
1861  1049.6
4255.8  
  
  
  5089.2
737 355.8
  
  
3243  2038.4
3981  2525.2
  
1523.8  749
  
3736.6  1418.4
5979.4  
4332.8  
729 399.8
927.8 361.8
2675.6  2459.2
2193.2  1088.6
4481.4  2724.8
  
708.6 610.8
3927.2  3319.2
  527.2
10569.4 5431.4
3001.6  2810.2
3455.6  1655.2
  1316.8
  
  
  
  
211.2 164
  
  3393.6
1009  844
  1509.8
  1153.4
1731.6  760
  
1232.6  709
  4174.2
1857.4  994.6
831.6 505
  
383.2 130.2
3457.6  
5586.6  3535.8
2612.8  1780.6
  
2553.4  1325.8
2980.2  1670.4
  
1247  814.8
  
2972  2388.8
  
1361.2  614.4
1847.4  1214.8
1669.6  638
4074  1861
309.4 130
3464.4  1847.4
708.2 461.8
